Occupants/people/parties for the Year 2024 for the Entire State filtered by Worst Injury in Crash (Fatal Injury (K) or Suspected Serious Injury (A))

"Crash Instance","Area of Road at Crash","Crash Month","Crash Type","Crash Day","Crash Year","Time of Day","Crash Longitude","Crash Latitude","County","City or Township","Vehicle Instance","Action Prior to Crash","Vehicle Type","Traffic Unit Type","Vehicle Model Year","Person Instance","Person Gender","Person Degree of Injury","Party Type","Person Age"
"2024134324","Other Non-Freeway Areas - Curved Roadway (not related to other selections)","July","Head-On","1","2024","3:00 PM - 3:59 PM","-85.1836092375943","43.3508381543384","Montcalm","Montcalm County: Douglass Twp.","2024229838","Driver/Cyclist Action - Going Straight Ahead","Passenger Car, SUV, Van","Motor Vehicle","2009","2024384551","Male","Suspected Serious Injury (A)","Motor Vehicle Driver","68"
"2024134324","Other Non-Freeway Areas - Curved Roadway (not related to other selections)","July","Head-On","1","2024","3:00 PM - 3:59 PM","-85.1836092375943","43.3508381543384","Montcalm","Montcalm County: Douglass Twp.","2024229838","Driver/Cyclist Action - Going Straight Ahead","Passenger Car, SUV, Van","Motor Vehicle","2009","2024384552","Male","Possible Injury (C)","Injured Passenger","13"
"2024134403","Other Non-Freeway Areas - Curved Roadway (not related to other selections)","June","Single Motor Vehicle","16","2024","7:00 AM - 7:59 AM","-84.062010275582","42.8451438032871","Shiawassee","Shiawassee County: Antrim Twp.","2024229949","Driver/Cyclist Action - Going Straight Ahead","Motorcycle","Motor Vehicle","2012","2024384705","Male","Suspected Serious Injury (A)","Motor Vehicle Driver","70"
"2024134449","Intersection Crash - Intersection Related Other","July","Angle","6","2024","10:00 PM - 10:59 PM","-83.0046007332681","42.4344289449917","Wayne","Wayne County: Detroit","2024230042","Driver/Cyclist Action - Going Straight Ahead","Uncoded & Errors","Motor Vehicle","2005","2024384845","Uncoded & Errors","Uncoded & Errors","Motor Vehicle Driver","Invalid Number"
"2024134449","Intersection Crash - Intersection Related Other","July","Angle","6","2024","10:00 PM - 10:59 PM","-83.0046007332681","42.4344289449917","Wayne","Wayne County: Detroit","2024230043","Driver/Cyclist Action - Turning Left","Passenger Car, SUV, Van","Motor Vehicle","2017","2024384846","Female","Suspected Serious Injury (A)","Motor Vehicle Driver","44"
"2024134474","Intersection Crash - Within Intersection","June","Angle","15","2024","1:00 PM - 1:59 PM","-85.3966489812559","44.2813992993534","Wexford","Wexford County: Haring Twp.","2024230094","Driver/Cyclist Action - Going Straight Ahead","Passenger Car, SUV, Van","Motor Vehicle","2005","2024384925","Female","Suspected Serious Injury (A)","Motor Vehicle Driver","35"
"2024134474","Intersection Crash - Within Intersection","June","Angle","15","2024","1:00 PM - 1:59 PM","-85.3966489812559","44.2813992993534","Wexford","Wexford County: Haring Twp.","2024230094","Driver/Cyclist Action - Going Straight Ahead","Passenger Car, SUV, Van","Motor Vehicle","2005","2024384926","Male","Suspected Serious Injury (A)","Injured Passenger","42"
"2024134474","Intersection Crash - Within Intersection","June","Angle","15","2024","1:00 PM - 1:59 PM","-85.3966489812559","44.2813992993534","Wexford","Wexford County: Haring Twp.","2024230094","Driver/Cyclist Action - Going Straight Ahead","Passenger Car, SUV, Van","Motor Vehicle","2005","2024384927","Female","Possible Injury (C)","Injured Passenger","11"
"2024134474","Intersection Crash - Within Intersection","June","Angle","15","2024","1:00 PM - 1:59 PM","-85.3966489812559","44.2813992993534","Wexford","Wexford County: Haring Twp.","2024230094","Driver/Cyclist Action - Going Straight Ahead","Passenger Car, SUV, Van","Motor Vehicle","2005","2024384928","Male","No Injury (O)","Uninjured Passenger","2"
"2024134474","Intersection Crash - Within Intersection","June","Angle","15","2024","1:00 PM - 1:59 PM","-85.3966489812559","44.2813992993534","Wexford","Wexford County: Haring Twp.","2024230095","Driver/Cyclist Action - Going Straight Ahead","Pickup Truck","Motor Vehicle","2018","2024384930","Male","Possible Injury (C)","Motor Vehicle Driver","25"
"2024134494","Other Non-Freeway Areas - Straight Roadway (not related to other selections)","July","Unknown","7","2024","12:00 Noon - 12:59 PM","-83.2117427711292","42.2608434365023","Wayne","Wayne County: Allen Park","2024230128","Unknown","Uncoded & Errors","Motor Vehicle","Invalid Number","2024384994","Uncoded & Errors","Uncoded & Errors","Motor Vehicle Driver","Invalid Number"
"2024134494","Other Non-Freeway Areas - Straight Roadway (not related to other selections)","July","Unknown","7","2024","12:00 Noon - 12:59 PM","-83.2117427711292","42.2608434365023","Wayne","Wayne County: Allen Park","2024230129","Driver/Cyclist Action - Going Straight Ahead","Motorcycle","Motor Vehicle","2005","2024384995","Male","Suspected Serious Injury (A)","Motor Vehicle Driver","37"
"2024134792","Other Non-Freeway Areas - Curved Roadway (not related to other selections)","July","Single Motor Vehicle","7","2024","3:00 PM - 3:59 PM","-86.7128025054839","45.943644558788","Delta","Delta County: Nahma Twp.","2024230646","Driver/Cyclist Action - Negotiating a Curve","Off-Road Vehicle (ORV)/All-Terrain Vehicle (ATV)","Motor Vehicle","2023","2024386002","Male","No Injury (O)","Motor Vehicle Driver","53"
"2024134792","Other Non-Freeway Areas - Curved Roadway (not related to other selections)","July","Single Motor Vehicle","7","2024","3:00 PM - 3:59 PM","-86.7128025054839","45.943644558788","Delta","Delta County: Nahma Twp.","2024230646","Driver/Cyclist Action - Negotiating a Curve","Off-Road Vehicle (ORV)/All-Terrain Vehicle (ATV)","Motor Vehicle","2023","2024386003","Female","Fatal Injury (K)","Injured Passenger","57"
"2024134797","Other Non-Freeway Areas - Straight Roadway (not related to other selections)","July","Angle","6","2024","6:00 PM - 6:59 PM","-88.3082786991321","46.0977828780725","Iron","Iron County: Crystal Falls","2024230651","Driver/Cyclist Action - Turning Left","Passenger Car, SUV, Van","Motor Vehicle","2012","2024386012","Male","Suspected Serious Injury (A)","Motor Vehicle Driver","39"
"2024134797","Other Non-Freeway Areas - Straight Roadway (not related to other selections)","July","Angle","6","2024","6:00 PM - 6:59 PM","-88.3082786991321","46.0977828780725","Iron","Iron County: Crystal Falls","2024230652","Driver/Cyclist Action - Going Straight Ahead","Pickup Truck","Motor Vehicle","2011","2024386015","Male","Possible Injury (C)","Motor Vehicle Driver","60"
"2024134797","Other Non-Freeway Areas - Straight Roadway (not related to other selections)","July","Angle","6","2024","6:00 PM - 6:59 PM","-88.3082786991321","46.0977828780725","Iron","Iron County: Crystal Falls","2024230652","Driver/Cyclist Action - Going Straight Ahead","Pickup Truck","Motor Vehicle","2011","2024386016","Male","Possible Injury (C)","Injured Passenger","45"
"2024134797","Other Non-Freeway Areas - Straight Roadway (not related to other selections)","July","Angle","6","2024","6:00 PM - 6:59 PM","-88.3082786991321","46.0977828780725","Iron","Iron County: Crystal Falls","2024230652","Driver/Cyclist Action - Going Straight Ahead","Pickup Truck","Motor Vehicle","2011","2024386017","Female","Possible Injury (C)","Injured Passenger","60"
"2024134801","Intersection Crash - Within Intersection","July","Angle","4","2024","2:00 PM - 2:59 PM","-83.8493746749441","42.8839441991134","Genesee","Genesee County: Gaines Twp.","2024230656","Driver/Cyclist Action - Going Straight Ahead","Passenger Car, SUV, Van","Motor Vehicle","2009","2024386022","Male","Possible Injury (C)","Motor Vehicle Driver","28"
"2024134801","Intersection Crash - Within Intersection","July","Angle","4","2024","2:00 PM - 2:59 PM","-83.8493746749441","42.8839441991134","Genesee","Genesee County: Gaines Twp.","2024230656","Driver/Cyclist Action - Going Straight Ahead","Passenger Car, SUV, Van","Motor Vehicle","2009","2024386023","Female","Suspected Serious Injury (A)","Injured Passenger","27"
"2024134801","Intersection Crash - Within Intersection","July","Angle","4","2024","2:00 PM - 2:59 PM","-83.8493746749441","42.8839441991134","Genesee","Genesee County: Gaines Twp.","2024230657","Driver/Cyclist Action - Going Straight Ahead","Pickup Truck","Motor Vehicle","2011","2024386024","Male","No Injury (O)","Motor Vehicle Driver","59"
"2024134850","Other Non-Freeway Areas - Curved Roadway (not related to other selections)","June","Single Motor Vehicle","28","2024","7:00 PM - 7:59 PM","-85.6206282510906","44.7476589734849","Grand Traverse","Grand Traverse County: Traverse City","2024230746","Driver/Cyclist Action - Negotiating a Curve","Motorcycle","Motor Vehicle","2023","2024386164","Male","Suspected Serious Injury (A)","Motor Vehicle Driver","25"
"2024134895","Other Non-Freeway Areas - Straight Roadway (not related to other selections)","July","Single Motor Vehicle","6","2024","3:00 PM - 3:59 PM","-84.5445718089922","42.7456665305421","Ingham","Ingham County: Lansing","2024230824","Driver/Cyclist Action - Going Straight Ahead","Passenger Car, SUV, Van","Motor Vehicle","2003","2024386292","Male","Suspected Serious Injury (A)","Motor Vehicle Driver","40"
"2024134907","Freeway Crash - Entrance/Exit Ramp Related","July","Sideswipe - Same Direction","2","2024","11:00 AM - 11:59 AM","-84.7351037613751","43.5629232642057","Isabella","Isabella County: Union Twp.","2024230845","Driver/Cyclist Action - Going Straight Ahead","Passenger Car, SUV, Van","Motor Vehicle","2003","2024386324","Male","Suspected Serious Injury (A)","Motor Vehicle Driver","53"
"2024134907","Freeway Crash - Entrance/Exit Ramp Related","July","Sideswipe - Same Direction","2","2024","11:00 AM - 11:59 AM","-84.7351037613751","43.5629232642057","Isabella","Isabella County: Union Twp.","2024230846","Driver/Cyclist Action - Going Straight Ahead","Truck/Bus (over 10,000 lbs. GVWR/8+ occupants/hazmat placard) ","Motor Vehicle","2021","2024386327","Male","No Injury (O)","Motor Vehicle Driver","64"
"2024134919","Other Non-Freeway Areas - Straight Roadway (not related to other selections)","July","Single Motor Vehicle","8","2024","5:00 PM - 5:59 PM","-85.7080919480401","42.3805600691271","Kalamazoo","Kalamazoo County: Alamo Twp.","2024230867","Driver/Cyclist Action - Going Straight Ahead","Passenger Car, SUV, Van","Motor Vehicle","2008","2024386353","Female","Suspected Serious Injury (A)","Motor Vehicle Driver","30"
"2024134947","Other Non-Freeway Areas - Straight Roadway (not related to other selections)","July","Sideswipe - Opposite Directions","1","2024","7:00 AM - 7:59 AM","-85.770825188959","43.208637150559","Kent","Kent County: Tyrone Twp.","2024230917","Driver/Cyclist Action - Going Straight Ahead","Passenger Car, SUV, Van","Motor Vehicle","2014","2024386420","Male","No Injury (O)","Motor Vehicle Driver","17"
"2024134947","Other Non-Freeway Areas - Straight Roadway (not related to other selections)","July","Sideswipe - Opposite Directions","1","2024","7:00 AM - 7:59 AM","-85.770825188959","43.208637150559","Kent","Kent County: Tyrone Twp.","2024230918","Driver/Cyclist Action - Going Straight Ahead","Motorcycle","Motor Vehicle","1997","2024386422","Male","Suspected Serious Injury (A)","Motor Vehicle Driver","50"
"2024135034","Freeway Crash - Curved Roadway","July","Single Motor Vehicle","7","2024","12:00 Midnight - 12:59 AM","-87.7776062980743","46.4658853602259","Marquette","Marquette County: Ely Twp.","2024231076","Driver/Cyclist Action - Going Straight Ahead","Passenger Car, SUV, Van","Motor Vehicle","2013","2024386639","Female","Fatal Injury (K)","Motor Vehicle Driver","17"
"2024135043","Other Non-Freeway Areas - Straight Roadway (not related to other selections)","June","Head-On - Left Turn","25","2024","10:00 PM - 10:59 PM","-87.6090828347627","46.5081761137736","Marquette","Marquette County: Negaunee","2024231090","Driver/Cyclist Action - Turning Left","Passenger Car, SUV, Van","Motor Vehicle","2020","2024386666","Male","Possible Injury (C)","Motor Vehicle Driver","36"
"2024135043","Other Non-Freeway Areas - Straight Roadway (not related to other selections)","June","Head-On - Left Turn","25","2024","10:00 PM - 10:59 PM","-87.6090828347627","46.5081761137736","Marquette","Marquette County: Negaunee","2024231090","Driver/Cyclist Action - Turning Left","Passenger Car, SUV, Van","Motor Vehicle","2020","2024386667","Female","Suspected Minor Injury (B)","Injured Passenger","5"
"2024135043","Other Non-Freeway Areas - Straight Roadway (not related to other selections)","June","Head-On - Left Turn","25","2024","10:00 PM - 10:59 PM","-87.6090828347627","46.5081761137736","Marquette","Marquette County: Negaunee","2024231091","Driver/Cyclist Action - Going Straight Ahead","Motorcycle","Motor Vehicle","2020","2024386668","Male","Suspected Serious Injury (A)","Motor Vehicle Driver","38"
"2024135144","Freeway Crash - Authorized Median Crossover Related","July","Single Motor Vehicle","8","2024","7:00 PM - 7:59 PM","-86.1469813357869","42.9212671796345","Ottawa","Ottawa County: Port Sheldon Twp.","2024231246","Driver/Cyclist Action - Making U-Turn","Passenger Car, SUV, Van","Motor Vehicle","1969","2024386906","Male","Suspected Serious Injury (A)","Motor Vehicle Driver","54"
"2024135144","Freeway Crash - Authorized Median Crossover Related","July","Single Motor Vehicle","8","2024","7:00 PM - 7:59 PM","-86.1469813357869","42.9212671796345","Ottawa","Ottawa County: Port Sheldon Twp.","2024231246","Driver/Cyclist Action - Making U-Turn","Passenger Car, SUV, Van","Motor Vehicle","1969","2024386907","Male","Suspected Serious Injury (A)","Injured Passenger","37"
"2024135175","Intersection Crash - Within Intersection","July","Angle","1","2024","12:00 Noon - 12:59 PM","-86.1878490290716","42.4040053265849","Van Buren","Van Buren County: Geneva Twp.","2024231295","Driver/Cyclist Action - Going Straight Ahead","Passenger Car, SUV, Van","Motor Vehicle","2019","2024386977","Female","Suspected Minor Injury (B)","Motor Vehicle Driver","28"
"2024135175","Intersection Crash - Within Intersection","July","Angle","1","2024","12:00 Noon - 12:59 PM","-86.1878490290716","42.4040053265849","Van Buren","Van Buren County: Geneva Twp.","2024231295","Driver/Cyclist Action - Going Straight Ahead","Passenger Car, SUV, Van","Motor Vehicle","2019","2024386978","Male","No Injury (O)","Uninjured Passenger","7"
"2024135175","Intersection Crash - Within Intersection","July","Angle","1","2024","12:00 Noon - 12:59 PM","-86.1878490290716","42.4040053265849","Van Buren","Van Buren County: Geneva Twp.","2024231295","Driver/Cyclist Action - Going Straight Ahead","Passenger Car, SUV, Van","Motor Vehicle","2019","2024386979","Male","No Injury (O)","Uninjured Passenger","3"
"2024135175","Intersection Crash - Within Intersection","July","Angle","1","2024","12:00 Noon - 12:59 PM","-86.1878490290716","42.4040053265849","Van Buren","Van Buren County: Geneva Twp.","2024231296","Driver/Cyclist Action - Starting Up on Roadway","Passenger Car, SUV, Van","Motor Vehicle","2020","2024386980","Female","Suspected Serious Injury (A)","Motor Vehicle Driver","75"
"2024135210","Intersection Crash - Within Intersection","July","Sideswipe - Same Direction","8","2024","1:00 PM - 1:59 PM","-83.2196307092251","42.4440406002875","Wayne","Wayne County: Detroit","2024231365","Driver/Cyclist Action - Turning Right","Passenger Car, SUV, Van","Motor Vehicle","Invalid Number","2024387091","Uncoded & Errors","Uncoded & Errors","Motor Vehicle Driver","Invalid Number"
"2024135210","Intersection Crash - Within Intersection","July","Sideswipe - Same Direction","8","2024","1:00 PM - 1:59 PM","-83.2196307092251","42.4440406002875","Wayne","Wayne County: Detroit","2024231366","Driver/Cyclist Action - Turning Right","Passenger Car, SUV, Van","Motor Vehicle","2015","2024387092","Female","Suspected Serious Injury (A)","Motor Vehicle Driver","47"
"2024135224","Intersection Crash - Within Intersection","July","Angle","6","2024","5:00 PM - 5:59 PM","-82.9562794952568","42.4482646138945","Wayne","Wayne County: Detroit","2024231391","Driver/Cyclist Action - Going Straight Ahead","Passenger Car, SUV, Van","Motor Vehicle","2023","2024387131","Uncoded & Errors","Uncoded & Errors","Motor Vehicle Driver","Invalid Number"
"2024135224","Intersection Crash - Within Intersection","July","Angle","6","2024","5:00 PM - 5:59 PM","-82.9562794952568","42.4482646138945","Wayne","Wayne County: Detroit","2024231392","Driver/Cyclist Action - Going Straight Ahead","Passenger Car, SUV, Van","Motor Vehicle","2009","2024387132","Male","No Injury (O)","Motor Vehicle Driver","21"
"2024135224","Intersection Crash - Within Intersection","July","Angle","6","2024","5:00 PM - 5:59 PM","-82.9562794952568","42.4482646138945","Wayne","Wayne County: Detroit","2024231393","Pedestrian Action - Not in Roadway","Uncoded & Errors","Pedestrian","Invalid Number","2024387133","Male","Suspected Serious Injury (A)","Pedestrian","11"
"2024135224","Intersection Crash - Within Intersection","July","Angle","6","2024","5:00 PM - 5:59 PM","-82.9562794952568","42.4482646138945","Wayne","Wayne County: Detroit","2024231394","Pedestrian Action - Not in Roadway","Uncoded & Errors","Pedestrian","Invalid Number","2024387134","Male","Suspected Serious Injury (A)","Pedestrian","8"
"2024135231","Intersection Crash - Within Intersection","July","Single Motor Vehicle","6","2024","10:00 PM - 10:59 PM","-83.1289420871947","42.3868842814509","Wayne","Wayne County: Detroit","2024231407","Driver/Cyclist Action - Going Straight Ahead","Uncoded & Errors","Motor Vehicle","Invalid Number","2024387155","Uncoded & Errors","Uncoded & Errors","Motor Vehicle Driver","Invalid Number"
"2024135231","Intersection Crash - Within Intersection","July","Single Motor Vehicle","6","2024","10:00 PM - 10:59 PM","-83.1289420871947","42.3868842814509","Wayne","Wayne County: Detroit","2024231408","Unknown","Uncoded & Errors","Pedestrian","Invalid Number","2024387158","Female","Suspected Serious Injury (A)","Pedestrian","36"
"2024135236","Intersection Crash - Within Intersection","July","Single Motor Vehicle","7","2024","2:00 AM - 2:59 AM","-83.17997602218","42.4201866738228","Wayne","Wayne County: Detroit","2024231416","Driver/Cyclist Action - Going Straight Ahead","Passenger Car, SUV, Van","Motor Vehicle","2009","2024387168","Male","No Injury (O)","Motor Vehicle Driver","22"
"2024135236","Intersection Crash - Within Intersection","July","Single Motor Vehicle","7","2024","2:00 AM - 2:59 AM","-83.17997602218","42.4201866738228","Wayne","Wayne County: Detroit","2024231416","Driver/Cyclist Action - Going Straight Ahead","Passenger Car, SUV, Van","Motor Vehicle","2009","2024387169","Female","Suspected Serious Injury (A)","Injured Passenger","25"
"2024135287","Other Non-Freeway Areas - Straight Roadway (not related to other selections)","June","Single Motor Vehicle","29","2024","9:00 AM - 9:59 AM","-85.8419940003902","43.9940258648573","Lake","Lake County: Peacock Twp.","2024231494","Driver/Cyclist Action - Going Straight Ahead","Passenger Car, SUV, Van","Motor Vehicle","2014","2024387324","Female","Suspected Serious Injury (A)","Motor Vehicle Driver","20"
"2024135289","Intersection Crash - Within Intersection","June","Rear-End","30","2024","3:00 PM - 3:59 PM","-85.6524256075836","43.9617553963267","Lake","Lake County: Pinora Twp.","2024231497","Driver/Cyclist Action - Turning Left","Off-Road Vehicle (ORV)/All-Terrain Vehicle (ATV)","Motor Vehicle","2001","2024387331","Male","Suspected Serious Injury (A)","Motor Vehicle Driver","31"
"2024135289","Intersection Crash - Within Intersection","June","Rear-End","30","2024","3:00 PM - 3:59 PM","-85.6524256075836","43.9617553963267","Lake","Lake County: Pinora Twp.","2024231498","Driver/Cyclist Action - Going Straight Ahead","Pickup Truck","Motor Vehicle","2020","2024387333","Male","No Injury (O)","Motor Vehicle Driver","73"
"2024135419","Other Non-Freeway Areas - Straight Roadway (not related to other selections)","June","Sideswipe - Same Direction","19","2024","12:00 Noon - 12:59 PM","-85.3263007306249","44.8937908511248","Antrim","Antrim County: Milton Twp.","2024231726","Driver/Cyclist Action - Going Straight Ahead","Off-Road Vehicle (ORV)/All-Terrain Vehicle (ATV)","Motor Vehicle","2023","2024387796","Male","Suspected Minor Injury (B)","Motor Vehicle Driver","14"
"2024135419","Other Non-Freeway Areas - Straight Roadway (not related to other selections)","June","Sideswipe - Same Direction","19","2024","12:00 Noon - 12:59 PM","-85.3263007306249","44.8937908511248","Antrim","Antrim County: Milton Twp.","2024231727","Driver/Cyclist Action - Going Straight Ahead","Off-Road Vehicle (ORV)/All-Terrain Vehicle (ATV)","Motor Vehicle","2017","2024387798","Male","No Injury (O)","Motor Vehicle Driver","11"
"2024135419","Other Non-Freeway Areas - Straight Roadway (not related to other selections)","June","Sideswipe - Same Direction","19","2024","12:00 Noon - 12:59 PM","-85.3263007306249","44.8937908511248","Antrim","Antrim County: Milton Twp.","2024231727","Driver/Cyclist Action - Going Straight Ahead","Off-Road Vehicle (ORV)/All-Terrain Vehicle (ATV)","Motor Vehicle","2017","2024387799","Male","Suspected Serious Injury (A)","Injured Passenger","11"
"2024135434","Other Non-Freeway Areas - Straight Roadway (not related to other selections)","June","Single Motor Vehicle","20","2024","8:00 AM - 8:59 AM","-83.8150713428268","43.5316786475424","Bay","Bay County: Merritt Twp.","2024231752","Driver/Cyclist Action - Going Straight Ahead","Passenger Car, SUV, Van","Motor Vehicle","2018","2024387835","Male","No Injury (O)","Motor Vehicle Driver","57"
"2024135434","Other Non-Freeway Areas - Straight Roadway (not related to other selections)","June","Single Motor Vehicle","20","2024","8:00 AM - 8:59 AM","-83.8150713428268","43.5316786475424","Bay","Bay County: Merritt Twp.","2024231753","Driver/Cyclist Action - Going Straight Ahead","Uncoded & Errors","Bicycle","Invalid Number","2024387836","Male","Fatal Injury (K)","Bicyclist","83"
"2024135543","Other Non-Freeway Areas - Straight Roadway (not related to other selections)","July","Single Motor Vehicle","3","2024","9:00 AM - 9:59 AM","-85.5713570262271","44.7333176340391","Grand Traverse","Grand Traverse County: Traverse City","2024231924","Driver/Cyclist Action - Going Straight Ahead","Passenger Car, SUV, Van","Motor Vehicle","2001","2024388068","Male","Suspected Serious Injury (A)","Motor Vehicle Driver","23"
"2024135562","Other Non-Freeway Areas - Straight Roadway (not related to other selections)","July","Rear-End","8","2024","11:00 AM - 11:59 AM","-85.2959808232063","42.8789913699959","Ionia","Ionia County: Boston Twp.","2024231954","Driver/Cyclist Action - Avoiding Vehicle (front/back)","Passenger Car, SUV, Van","Motor Vehicle","2021","2024388113","Male","No Injury (O)","Motor Vehicle Driver","43"
"2024135562","Other Non-Freeway Areas - Straight Roadway (not related to other selections)","July","Rear-End","8","2024","11:00 AM - 11:59 AM","-85.2959808232063","42.8789913699959","Ionia","Ionia County: Boston Twp.","2024231955","Driver/Cyclist Action - Slowing/Stopping on Roadway","Passenger Car, SUV, Van","Motor Vehicle","2016","2024388114","Male","Suspected Serious Injury (A)","Motor Vehicle Driver","59"
"2024135562","Other Non-Freeway Areas - Straight Roadway (not related to other selections)","July","Rear-End","8","2024","11:00 AM - 11:59 AM","-85.2959808232063","42.8789913699959","Ionia","Ionia County: Boston Twp.","2024231956","Driver/Cyclist Action - Slowing/Stopping on Roadway","Passenger Car, SUV, Van","Motor Vehicle","2015","2024388115","Female","No Injury (O)","Motor Vehicle Driver","23"
"2024135593","Intersection Crash - Within Intersection","July","Head-On - Left Turn","9","2024","1:00 PM - 1:59 PM","-84.3640822793633","42.1178713428393","Jackson","Jackson County: Liberty Twp.","2024232001","Driver/Cyclist Action - Turning Left","Passenger Car, SUV, Van","Motor Vehicle","2005","2024388176","Male","No Injury (O)","Motor Vehicle Driver","21"
"2024135593","Intersection Crash - Within Intersection","July","Head-On - Left Turn","9","2024","1:00 PM - 1:59 PM","-84.3640822793633","42.1178713428393","Jackson","Jackson County: Liberty Twp.","2024232001","Driver/Cyclist Action - Turning Left","Passenger Car, SUV, Van","Motor Vehicle","2005","2024388177","Male","No Injury (O)","Uninjured Passenger","19"
"2024135593","Intersection Crash - Within Intersection","July","Head-On - Left Turn","9","2024","1:00 PM - 1:59 PM","-84.3640822793633","42.1178713428393","Jackson","Jackson County: Liberty Twp.","2024232002","Driver/Cyclist Action - Going Straight Ahead","Passenger Car, SUV, Van","Motor Vehicle","2018","2024388178","Male","Suspected Serious Injury (A)","Motor Vehicle Driver","60"
"2024135593","Intersection Crash - Within Intersection","July","Head-On - Left Turn","9","2024","1:00 PM - 1:59 PM","-84.3640822793633","42.1178713428393","Jackson","Jackson County: Liberty Twp.","2024232002","Driver/Cyclist Action - Going Straight Ahead","Passenger Car, SUV, Van","Motor Vehicle","2018","2024388179","Female","Suspected Serious Injury (A)","Injured Passenger","53"
"2024135642","Other Non-Freeway Areas - Straight Roadway (not related to other selections)","July","Single Motor Vehicle","2","2024","4:00 PM - 4:59 PM","-85.5829583996029","42.2750082032632","Kalamazoo","Kalamazoo County: Kalamazoo","2024232078","Driver/Cyclist Action - Going Straight Ahead","Motorcycle","Motor Vehicle","2005","2024388285","Male","Suspected Serious Injury (A)","Motor Vehicle Driver","60"
"2024135698","Other Non-Freeway Areas - Curved Roadway (not related to other selections)","July","Single Motor Vehicle","9","2024","11:00 AM - 11:59 AM","-85.6536066889995","43.0530823355206","Kent","Kent County: Plainfield Twp.","2024232177","Driver/Cyclist Action - Going Straight Ahead","Motorcycle","Motor Vehicle","2004","2024388407","Male","Suspected Serious Injury (A)","Motor Vehicle Driver","72"
"2024135725","Intersection Crash - Within Intersection","July","Angle","9","2024","11:00 PM - 11:59 PM","-85.5965181224962","42.8835624323751","Kent","Kent County: Kentwood","2024232228","Driver/Cyclist Action - Turning Left","Passenger Car, SUV, Van","Motor Vehicle","2010","2024388487","Male","Suspected Serious Injury (A)","Motor Vehicle Driver","26"
"2024135725","Intersection Crash - Within Intersection","July","Angle","9","2024","11:00 PM - 11:59 PM","-85.5965181224962","42.8835624323751","Kent","Kent County: Kentwood","2024232229","Driver/Cyclist Action - Going Straight Ahead","Passenger Car, SUV, Van","Motor Vehicle","2021","2024388488","Male","No Injury (O)","Motor Vehicle Driver","44"
"2024135731","Other Non-Freeway Areas - Straight Roadway (not related to other selections)","June","Angle","19","2024","3:00 PM - 3:59 PM","-85.6367239979759","44.7934126555057","Leelanau","Leelanau County: Elmwood Twp.","2024232238","Driver/Cyclist Action - Turning Left","Passenger Car, SUV, Van","Motor Vehicle","2008","2024388498","Female","Suspected Minor Injury (B)","Motor Vehicle Driver","47"
"2024135731","Other Non-Freeway Areas - Straight Roadway (not related to other selections)","June","Angle","19","2024","3:00 PM - 3:59 PM","-85.6367239979759","44.7934126555057","Leelanau","Leelanau County: Elmwood Twp.","2024232239","Driver/Cyclist Action - Going Straight Ahead","Passenger Car, SUV, Van","Motor Vehicle","2018","2024388500","Female","Suspected Serious Injury (A)","Motor Vehicle Driver","76"
"2024135764","Intersection Crash - Within Intersection","July","Angle","9","2024","9:00 AM - 9:59 AM","-82.9165872691098","42.6431595421681","Macomb","Macomb County: Macomb Twp.","2024232294","Driver/Cyclist Action - Going Straight Ahead","Passenger Car, SUV, Van","Motor Vehicle","2009","2024388587","Male","No Injury (O)","Motor Vehicle Driver","23"
"2024135764","Intersection Crash - Within Intersection","July","Angle","9","2024","9:00 AM - 9:59 AM","-82.9165872691098","42.6431595421681","Macomb","Macomb County: Macomb Twp.","2024232295","Driver/Cyclist Action - Going Straight Ahead","Passenger Car, SUV, Van","Motor Vehicle","2011","2024388590","Female","Suspected Serious Injury (A)","Motor Vehicle Driver","32"
"2024135857","Other Non-Freeway Areas - Straight Roadway (not related to other selections)","June","Single Motor Vehicle","16","2024","4:00 AM - 4:59 AM","-87.4456881204583","46.5494004519135","Marquette","Marquette County: Marquette Twp.","2024232474","Pedestrian Action - In Roadway Other Reason","Uncoded & Errors","Pedestrian","Invalid Number","2024388823","Male","Suspected Serious Injury (A)","Pedestrian","41"
"2024135857","Other Non-Freeway Areas - Straight Roadway (not related to other selections)","June","Single Motor Vehicle","16","2024","4:00 AM - 4:59 AM","-87.4456881204583","46.5494004519135","Marquette","Marquette County: Marquette Twp.","2024232475","Driver/Cyclist Action - Going Straight Ahead","Passenger Car, SUV, Van","Motor Vehicle","2002","2024388824","Male","No Injury (O)","Motor Vehicle Driver","25"
"2024135860","Intersection Crash - Within Intersection","July","Angle","9","2024","2:00 PM - 2:59 PM","-84.4090802589442","43.6110299412172","Midland","Midland County: Lee Twp.","2024232480","Driver/Cyclist Action - Going Straight Ahead","Passenger Car, SUV, Van","Motor Vehicle","2013","2024388830","Female","Fatal Injury (K)","Motor Vehicle Driver","81"
"2024135860","Intersection Crash - Within Intersection","July","Angle","9","2024","2:00 PM - 2:59 PM","-84.4090802589442","43.6110299412172","Midland","Midland County: Lee Twp.","2024232481","Driver/Cyclist Action - Going Straight Ahead","Passenger Car, SUV, Van","Motor Vehicle","2007","2024388831","Male","No Injury (O)","Motor Vehicle Driver","44"
"2024135860","Intersection Crash - Within Intersection","July","Angle","9","2024","2:00 PM - 2:59 PM","-84.4090802589442","43.6110299412172","Midland","Midland County: Lee Twp.","2024232481","Driver/Cyclist Action - Going Straight Ahead","Passenger Car, SUV, Van","Motor Vehicle","2007","2024388832","Male","Possible Injury (C)","Injured Passenger","22"
"2024135876","Other Non-Freeway Areas - Curved Roadway (not related to other selections)","July","Single Motor Vehicle","4","2024","9:00 PM - 9:59 PM","-83.3102779698574","41.9567376259944","Monroe","Monroe County: Frenchtown Twp.","2024232507","Driver/Cyclist Action - Negotiating a Curve","Motorcycle","Motor Vehicle","2010","2024388878","Male","Suspected Serious Injury (A)","Motor Vehicle Driver","58"
"2024135907","Other Non-Freeway Areas - Straight Roadway (not related to other selections)","July","Head-On","2","2024","3:00 PM - 3:59 PM","-83.9494248666101","44.7234438449253","Oscoda","Oscoda County: Comins Twp.","2024232554","Driver/Cyclist Action - Going Straight Ahead","Pickup Truck","Motor Vehicle","2011","2024388947","Male","Suspected Serious Injury (A)","Motor Vehicle Driver","69"
"2024135907","Other Non-Freeway Areas - Straight Roadway (not related to other selections)","July","Head-On","2","2024","3:00 PM - 3:59 PM","-83.9494248666101","44.7234438449253","Oscoda","Oscoda County: Comins Twp.","2024232555","Driver/Cyclist Action - Going Straight Ahead","Passenger Car, SUV, Van","Motor Vehicle","2017","2024388948","Male","Suspected Serious Injury (A)","Motor Vehicle Driver","66"
"2024135910","Other Non-Freeway Areas - Curved Roadway (not related to other selections)","July","Single Motor Vehicle","4","2024","9:00 PM - 9:59 PM","-84.3190785892213","44.6374046076019","Oscoda","Oscoda County: Big Creek Twp.","2024232558","Driver/Cyclist Action - Leaving Roadway","Off-Road Vehicle (ORV)/All-Terrain Vehicle (ATV)","Motor Vehicle","2022","2024388952","Male","Suspected Serious Injury (A)","Motor Vehicle Driver","42"
"2024135910","Other Non-Freeway Areas - Curved Roadway (not related to other selections)","July","Single Motor Vehicle","4","2024","9:00 PM - 9:59 PM","-84.3190785892213","44.6374046076019","Oscoda","Oscoda County: Big Creek Twp.","2024232558","Driver/Cyclist Action - Leaving Roadway","Off-Road Vehicle (ORV)/All-Terrain Vehicle (ATV)","Motor Vehicle","2022","2024388953","Male","Suspected Serious Injury (A)","Injured Passenger","46"
"2024135919","Other Non-Freeway Areas - Straight Roadway (not related to other selections)","July","Single Motor Vehicle","8","2024","9:00 AM - 9:59 AM","-83.6914562819252","45.338218302621","Presque Isle","Presque Isle County: Pulawski Twp.","2024232573","Driver/Cyclist Action - Going Straight Ahead","Passenger Car, SUV, Van","Motor Vehicle","2013","2024388975","Female","Suspected Serious Injury (A)","Motor Vehicle Driver","75"
"2024135919","Other Non-Freeway Areas - Straight Roadway (not related to other selections)","July","Single Motor Vehicle","8","2024","9:00 AM - 9:59 AM","-83.6914562819252","45.338218302621","Presque Isle","Presque Isle County: Pulawski Twp.","2024232573","Driver/Cyclist Action - Going Straight Ahead","Passenger Car, SUV, Van","Motor Vehicle","2013","2024388976","Male","Suspected Minor Injury (B)","Injured Passenger","32"
"2024135943","Other Non-Freeway Areas - Straight Roadway (not related to other selections)","June","Rear-End","27","2024","3:00 PM - 3:59 PM","-83.6237395406314","43.5996175656011","Tuscola","Tuscola County: Wisner Twp.","2024232605","Driver/Cyclist Action - Going Straight Ahead","Passenger Car, SUV, Van","Motor Vehicle","2007","2024389023","Female","Suspected Serious Injury (A)","Motor Vehicle Driver","17"
"2024135943","Other Non-Freeway Areas - Straight Roadway (not related to other selections)","June","Rear-End","27","2024","3:00 PM - 3:59 PM","-83.6237395406314","43.5996175656011","Tuscola","Tuscola County: Wisner Twp.","2024232605","Driver/Cyclist Action - Going Straight Ahead","Passenger Car, SUV, Van","Motor Vehicle","2007","2024389024","Female","Suspected Serious Injury (A)","Injured Passenger","17"
"2024135943","Other Non-Freeway Areas - Straight Roadway (not related to other selections)","June","Rear-End","27","2024","3:00 PM - 3:59 PM","-83.6237395406314","43.5996175656011","Tuscola","Tuscola County: Wisner Twp.","2024232606","Driver/Cyclist Action - Slowing/Stopping on Roadway","Truck/Bus (over 10,000 lbs. GVWR/8+ occupants/hazmat placard) ","Motor Vehicle","2022","2024389026","Male","No Injury (O)","Motor Vehicle Driver","50"
"2024135943","Other Non-Freeway Areas - Straight Roadway (not related to other selections)","June","Rear-End","27","2024","3:00 PM - 3:59 PM","-83.6237395406314","43.5996175656011","Tuscola","Tuscola County: Wisner Twp.","2024232606","Driver/Cyclist Action - Slowing/Stopping on Roadway","Truck/Bus (over 10,000 lbs. GVWR/8+ occupants/hazmat placard) ","Motor Vehicle","2022","2024389027","Male","No Injury (O)","Uninjured Passenger","21"
"2024135962","Freeway Crash - All Other Freeway Areas","May","Other","10","2024","5:00 AM - 5:59 AM","-83.3057967044497","42.2518651285521","Wayne","Wayne County: Taylor","2024232634","Driver/Cyclist Action - Entering Roadway","Passenger Car, SUV, Van","Motor Vehicle","2010","2024389072","Female","No Injury (O)","Motor Vehicle Driver","27"
"2024135962","Freeway Crash - All Other Freeway Areas","May","Other","10","2024","5:00 AM - 5:59 AM","-83.3057967044497","42.2518651285521","Wayne","Wayne County: Taylor","2024232635","Driver/Cyclist Action - Slowing/Stopping on Roadway","Passenger Car, SUV, Van","Motor Vehicle","2016","2024389074","Female","Fatal Injury (K)","Motor Vehicle Driver","49"